x-axis	0.01mA	0.05mA		Aliminium 	
&b / 	R_0 / 1/s	R_1 / 1/s		delta b/ 	Frequency  /s
-5	0.5	3		0	7060
-4.9	0	2.5		0.2	6911
-4.8	0.5	1.5		0.4	7091
-4.7	0	3.5		0.6	7189
-4.6	0.5	2		0.8	7024
-4.5	1	2		1	7043
-4.4	1.5	1.5		1.2	7082
-4.3	0	4		1.4	7101
-4.2	0.5	3		1.6	7094
-4.1	1	3		1.8	7144
-4	0	3		2	7013
-3.9	0.5	4		2.2	7143
-3.8	1	2		2.4	7159
-3.7	1	2.5		2.6	7069
-3.6	0.5	2.5		2.8	7099
-3.5	0.5	2		3	7226
-3.4	0.5	6		3.2	7196
-3.3	0.5	5.5		3.4	7139
-3.2	0.5	3.5		3.6	6698
-3.1	1	5.5		3.8	5899
-3	0	4		4	5156
-2.9	0.5	2		4.2	4378
-2.8	1.5	7		4.4	3505
-2.7	1.5	5.5		4.6	2613
-2.6	1	6.5		4.8	1669
-2.5	2	4		5	663
-2.4	1	7.5		5.2	37
-2.3	2.5	8.5		5.4	3
-2.2	3	6		5.6	0
-2.1	2	6		5.8	0
-2	0	5		6	2
-1.9	1.5	7.5		6.2	2
-1.8	0.5	6.5		6.4	3
-1.7	2	8		6.6	1
-1.6	2.5	10.5		6.8	1
-1.5	4	7.5		7	1
-1.4	2	6.5		7.2	3
-1.3	8	25		7.4	1
-1.2	15	70.5		7.6	1
-1.1	50.5	237		7.8	26
-1	506	1855		8	118
-0.9	1988	5935.5		8.2	217
-0.8	3955	8564.5		8.4	332
-0.7	5950	8128.5		8.6	520
-0.6	7172.5	7350		8.8	601
-0.5	7419.5	6991.5		9	734
-0.4	7398	7007.5		9.2	814
-0.3	7113	7382.5		9.4	899
-0.2	5786.5	8100.5		9.6	971
-0.1	3887.5	8636		9.8	964
0	2231.5	6908		10	912
0.1	0.1	3156		10.2	953
0.2	575	1897.5		10.4	930
0.3	327.5	1119		10.6	896
0.4	135	438		10.8	963
0.5	12.5	54		11	969
0.6	6.5	25.5		11.2	1000
0.7	0.5	13.5		11.4	911
0.8	2.5	8.5		11.6	968
0.9	2	7		11.8	953
1	3.5	3		12	976
1.1	3.5	6		12.2	986
1.2	2	7.5		12.4	922
1.3	2.5	3.5		12.6	953
1.4	2	7.5		12.8	946
1.5	1.5	6.5		13	943
1.6	1	2		13.2	907
1.7	1	7		13.4	879
1.8	0.5	5.5		13.6	792
1.9	0.5	2.5		13.8	662
2	2	7.5		14	503
2.1	1.5	6		14.2	388
2.2	2	2.5		14.4	257
2.3	1.5	4		14.6	174
2.4	0.5	1.5		14.8	63
2.5	0.5	1		15	10
2.6	1.5	3		15.2	1
2.7	2.5	5.5		15.4	1
2.8	0	6		15.6	3
2.9	0.5	2		15.8	0
3	3.5	3		16	0
3.1	1	3		16.2	1
3.2	0	4.5		16.4	2
3.3	0.5	3		16.6	0
3.4	1	2.5		16.8	0
3.5	0	2		17	2
3.6	1	4		17.2	1
3.7	1.5	1.5		17.4	2
3.8	2	1.5		17.6	2
3.9	0.5	3		17.8	18
4	0.5	2		18	87
4.1	0.5	2.5		18.2	150
4.2	0.5	2.5		18.4	207
4.3	2	2.5		18.6	294
4.4	0	1.5		18.8	372
4.5	0	2.5		19	495
4.6	0.5	1		19.2	514
4.7	0.5	1.5		19.4	524
4.8	0	3		19.6	572
4.9	0.5	2		19.8	574
5	1	2		20	575
				20.2	555
				20.4	586
				20.6	606
				20.8	584
				21	526
				21.2	579
				21.4	508
				21.6	555
				21.8	577
				22	593
				22.2	523
				22.4	567
				22.6	558
				22.8	563
				23	601
				23.2	539
				23.4	522
				23.6	463
				23.8	412
				24	323
				24.2	252
				24.4	165
				24.6	74
				24.8	36
				25	6
				25.2	0
				25.4	1
				25.6	0
				25.8	0
				26	1
				26.2	0
				26.4	0
				26.6	0
				26.8	1
				27	1
				27.2	1
				27.4	0
				27.6	5
				27.8	36
				28	83
				28.2	120
				28.4	155
				28.6	246
				28.8	315
				29	333
				29.2	390
				29.4	417
				29.6	381
				29.8	425
				30	407
				30.2	421
				30.4	400
				30.6	386
				30.8	431
				31	370
				31.2	400
				31.4	406
				31.6	417
				31.8	427
				32	446
				32.2	431
				32.4	441
				32.6	417
				32.8	456
				33	429
				33.2	369
				33.4	323
				33.6	308
				33.8	232
				34	221
				34.2	154
				34.4	98
				34.6	47
				34.8	14
				35	5
				35.2	2
				35.4	2
				35.6	1
				35.8	2
				36	0
				36.2	2
				36.4	0
				36.6	2
				36.8	0
				37	1
				37.2	0
				37.4	4
				37.6	7
				37.8	29
				38	56
				38.2	81
				38.4	114
				38.6	170
				38.8	195
				39	244
				39.2	286
				39.4	267
				39.6	292
				39.8	309
				40	314
				40.2	284
				40.4	283
				40.6	267
				40.8	287
				41	300
				41.2	305
				41.4	301
				41.6	285
				41.8	279
				42	293
				42.2	305
				42.4	283
				42.6	292
				42.8	274
				43	291
				43.2	241
				43.4	272
				43.6	227
				43.8	171
				44	159
				44.2	106
				44.4	75
				44.6	42
				44.8	18
				45	3
				45.2	0
				45.4	0
				45.6	1
				45.8	0
				46	1
				46.2	0
				46.4	3
				46.6	0
				46.8	0
				47	1
				47.2	2
				47.4	1
				47.6	7
				47.8	24
				48	47
				48.2	61
				48.4	92
				48.6	108
				48.8	151
				49	191
				49.2	195
				49.4	237
				49.6	227
				49.8	204
				50	213
				50.2	229
				50.4	229
				50.6	230
				50.8	206
				51	218
				51.2	243
				51.4	216
				51.6	211
				51.8	222
				52	212
				52.2	233
				52.4	204
				52.6	215
				52.8	221
				53	233
				53.2	221
				53.4	210
				53.6	191
				53.8	160
				54	125
				54.2	106
				54.4	78
				54.6	49
				54.8	28
				55	7
				55.2	1
				55.4	1
				55.6	1
				55.8	1
				56	1
				56.2	0
				56.4	0
				56.6	0
				56.8	1
				57	0
				57.2	1
				57.4	0
				57.6	0
				57.8	5
				58	23
				58.2	39
				58.4	58
				58.6	104
				58.8	95
				59	123
				59.2	123
				59.4	142
				59.6	162
				59.8	164
				60	175
